4
762001
0
0
erase 124,32770,33041,33282,33555,65535,65536,66047,66050,98579,98815,98818,99091,131071,131072,131583,131586,164115,164351,164354,164627,196607,196608,197119,197122,229651,229887,229890,230163,262143,262144,262655,262658,295187,295423,295426,295699,327679,327680,328191,328194,360447,360448,360959,360962,393215,393216,393727,393730,425983,425984,426495,426498,458751,458752,459263,459266,491519,491520,492031,492034,524287,524288,524799,524802,557055,557056,557567,557570,589823,589824,590335,590338,622080,622229,622594,623106,654524,654848,655362,655874,660664,687616,688642,720384,721410,753152,754178,785920,786946,818688,818961,819200,819202,819473,819714,819987,851967,851968,851970,852479,852482,884224,884497,884736,884738,885009,885250,885523,917503,917504,917506,918015,918018,949760,950786,982528,983554,1015296,1016322,1048064,1049090,1080832,1081346,1081858
new 6,360401,360447,360448,360449,360962,361427
new 4,359887,360118,360120,360401
new 2,359375,359887
new 2,358863,359375
new 2,358351,358863
new 2,357839,358351
new 2,357327,357839
new 2,356815,357327
new 2,356303,356815
new 2,355791,356303
new 2,355279,355791
new 2,354767,355279
new 2,354255,354767
new 2,353743,354255
new 2,353231,353743
new 4,352718,352931,352932,353231
new 6,352203,352591,352592,352629,352631,352718
new 2,351691,352203
new 6,351176,351234,351235,351248,351250,351691
new 2,350664,351176
new 2,350152,350664
new 2,349640,350152
new 2,349128,349640
new 2,348616,349128
new 4,348103,348294,348295,348616
new 2,347591,348103
new 10,347073,347347,347350,347351,347352,347354,347355,347360,347361,347591
new 2,346561,347073
new 6,346047,346335,346336,346339,346340,346561
new 4,345534,345744,345745,346047
new 10,345017,345316,345317,345321,345322,345325,345326,345327,345329,345534
new 2,344505,345017
new 2,343993,344505
new 2,343481,343993
new 2,342969,343481
new 58,342329,342516,342517,342518,342525,342526,342527,342530,342542,342543,342552,342554,342556,342557,342561,342562,342565,342566,342570,342571,342573,342574,342588,342589,342590,342591,342610,342613,342616,342617,342618,342619,342625,342629,342631,342634,342635,342636,342638,342641,342643,342644,342645,342660,342661,342667,342668,342670,342673,342674,342678,342679,342680,342685,342689,342690,342707,342969
new 2,341817,342329
new 2,341305,341817
new 2,340793,341305
new 2,340281,340793
new 2,339769,340281
new 2,339257,339769
new 2,338745,339257
new 2,338233,338745
new 6,337718,337900,337902,337908,337909,338233
new 2,337206,337718
new 2,336694,337206
new 26,336140,336232,336233,336236,336237,336238,336239,336248,336249,336250,336264,336266,336267,336277,336278,336280,336282,336285,336295,336302,336305,336311,336317,336352,336353,336694
new 2,335628,336140
new 2,335116,335628
new 2,334604,335116
new 2,334092,334604
new 4,333579,334045,334046,334092
new 28,333044,333202,333204,333205,333206,333207,333208,333209,333210,333213,333215,333218,333219,333220,333223,333224,333226,333227,333228,333230,333232,333233,333234,333236,333237,333243,333248,333579
new 2,332532,333044
new 2,332020,332532
new 2,331508,332020
new 2,330996,331508
new 2,330484,330996
new 2,329972,330484
new 2,329460,329972
new 2,328948,329460
new 2,328436,328948
new 6,327410,327679,327680,327681,328194,328436
new 2,326898,327410
new 2,326386,326898
new 2,325874,326386
new 2,325362,325874
new 2,324850,325362
new 2,324338,324850
new 2,323826,324338
new 2,323314,323826
new 2,322802,323314
new 2,322290,322802
new 2,321778,322290
new 2,321266,321778
new 2,320754,321266
new 2,320242,320754
new 2,319730,320242
new 2,319218,319730
new 2,318706,319218
new 2,318194,318706
new 2,317682,318194
new 2,317170,317682
new 2,316658,317170
new 2,316146,316658
new 2,315634,316146
new 2,315122,315634
new 2,314610,315122
new 2,314098,314610
new 2,313586,314098
new 2,313074,313586
new 2,312562,313074
new 2,312050,312562
new 2,311538,312050
new 2,311026,311538
new 2,310514,311026
new 2,310002,310514
new 2,309490,310002
new 2,308978,309490
new 2,308466,308978
new 2,307954,308466
new 2,307442,307954
new 2,306930,307442
new 2,306418,306930
new 2,305906,306418
new 2,305394,305906
new 2,304882,305394
new 2,304370,304882
new 2,303858,304370
new 2,303346,303858
new 2,302834,303346
new 2,302322,302834
new 2,301810,302322
new 2,301298,301810
new 2,300786,301298
new 8,300261,300291,300292,300420,300423,300435,300444,300786
new 2,299749,300261
new 2,299237,299749
new 4,298715,299130,299140,299237
new 2,298203,298715
new 2,297691,298203
new 2,297179,297691
new 4,296666,296842,296843,297179
new 2,296154,296666
new 8,294857,294911,294912,294914,295185,295186,295699,296154
new 2,294345,294857
new 2,293833,294345
new 2,293321,293833
new 2,292809,293321
new 2,292297,292809
new 2,291785,292297
new 6,291270,291456,291458,291462,291463,291785
new 2,290758,291270
new 2,290246,290758
new 2,289734,290246
new 4,289221,289378,289379,289734
new 2,288709,289221
new 2,288197,288709
new 2,287685,288197
new 2,287173,287685
new 2,286661,287173
new 2,286149,286661
new 2,285637,286149
new 24,285066,285101,285126,285127,285143,285158,285159,285173,285175,285177,285180,285181,285182,285183,285184,285185,285188,285189,285190,285197,285200,285201,285204,285637
new 2,284554,285066
new 2,284042,284554
new 2,283530,284042
new 2,283018,283530
new 2,282506,283018
new 2,281994,282506
new 2,281482,281994
new 2,280970,281482
new 2,280458,280970
new 2,279946,280458
new 2,279434,279946
new 4,278921,278934,278935,279434
new 2,278409,278921
new 2,277897,278409
new 2,277385,277897
new 2,276873,277385
new 2,276361,276873
new 2,275849,276361
new 2,275337,275849
new 2,274825,275337
new 2,274313,274825
new 2,273801,274313
new 2,273289,273801
new 2,272777,273289
new 2,6878,7390
new 2,5342,5854
new 2,6366,6878
new 2,4830,5342
new 2,5854,6366
new 2,272265,272777
new 2,271753,272265
new 2,271241,271753
new 2,270729,271241
new 2,270217,270729
new 2,269705,270217
new 2,269193,269705
new 2,268681,269193
new 2,268169,268681
new 2,267657,268169
new 2,267145,267657
new 2,266633,267145
new 2,266121,266633
new 2,265609,266121
new 2,265097,265609
new 2,264585,265097
new 2,264073,264585
new 2,263561,264073
new 2,263049,263561
new 6,262023,262143,262144,262145,262658,263049
new 2,261511,262023
new 4,260942,261030,261087,261511
new 2,260430,260942
new 2,259918,260430
new 4,259222,259367,259551,259918
new 2,258710,259222
new 2,258198,258710
new 4,257685,258173,258174,258198
new 2,257173,257685
new 2,256661,257173
new 2,256149,256661
new 2,255637,256149
new 2,255125,255637
new 2,254613,255125
new 2,254101,254613
new 2,253589,254101
new 2,253077,253589
new 2,252565,253077
new 2,252053,252565
new 10,251536,251658,251659,251660,251661,252036,252038,252039,252040,252053
new 2,251024,251536
new 2,250512,251024
new 2,250000,250512
new 2,249488,250000
new 2,248976,249488
new 2,248464,248976
new 2,247952,248464
new 4,247439,247683,247684,247952
new 2,246927,247439
new 2,246415,246927
new 2,245903,246415
new 4,245390,245646,245647,245903
new 2,244878,245390
new 2,244366,244878
new 2,243854,244366
new 2,243342,243854
new 2,242830,243342
new 2,242318,242830
new 2,241806,242318
new 2,241294,241806
new 2,240782,241294
new 2,240270,240782
new 2,239758,240270
new 2,239246,239758
new 2,238734,239246
new 2,238222,238734
new 2,237710,238222
new 2,237198,237710
new 2,236686,237198
new 2,236174,236686
new 2,235662,236174
new 4,235148,235525,235527,235662
new 4,234635,234714,234715,235148
new 2,234123,234635
new 2,233611,234123
new 2,233099,233611
new 2,232587,233099
new 2,232075,232587
new 2,231563,232075
new 4,231049,231093,231095,231563
new 2,230537,231049
new 8,229240,229375,229376,229378,229649,229650,230163,230537
new 2,228728,229240
new 2,228216,228728
new 2,227704,228216
new 2,227192,227704
new 2,226680,227192
new 4,226167,226678,226679,226680
new 2,225655,226167
new 2,225143,225655
new 2,224631,225143
new 2,224119,224631
new 2,223607,224119
new 4,223093,223114,223116,223607
new 2,222581,223093
new 2,222069,222581
new 2,221557,222069
new 2,221045,221557
new 2,220533,221045
new 2,220021,220533
new 2,219509,220021
new 2,218997,219509
new 2,218485,218997
new 2,217973,218485
new 2,217461,217973
new 2,216949,217461
new 2,216437,216949
new 2,215925,216437
new 2,215413,215925
new 2,214901,215413
new 2,214389,214901
new 2,213877,214389
new 2,213365,213877
new 2,212853,213365
new 2,212341,212853
new 2,211829,212341
new 2,211317,211829
new 2,210805,211317
new 2,210293,210805
new 2,209781,210293
new 2,209269,209781
new 2,208757,209269
new 2,208245,208757
new 2,207733,208245
new 2,207221,207733
new 2,206709,207221
new 2,206197,206709
new 2,205685,206197
new 2,205173,205685
new 2,204661,205173
new 2,204149,204661
new 2,203637,204149
new 2,203125,203637
new 2,202613,203125
new 2,202101,202613
new 2,201589,202101
new 2,201077,201589
new 2,200565,201077
new 2,200053,200565
new 2,199541,200053
new 2,199029,199541
new 2,198517,199029
new 2,198005,198517
new 2,197493,198005
new 6,196467,196607,196608,196609,197122,197493
new 2,195955,196467
new 2,195443,195955
new 2,194931,195443
new 2,194419,194931
new 2,193907,194419
new 2,193395,193907
new 6,192881,193352,193353,193366,193367,193395
new 2,192369,192881
new 2,191857,192369
new 2,191345,191857
new 2,190833,191345
new 2,190321,190833
new 2,189809,190321
new 2,189297,189809
new 2,188785,189297
new 2,188273,188785
new 2,187761,188273
new 2,187249,187761
new 2,186737,187249
new 2,186225,186737
new 2,185713,186225
new 2,185201,185713
new 2,184689,185201
new 2,184177,184689
new 2,625994,626506
new 2,625482,625994
new 2,624970,625482
new 2,624458,624970
new 2,623946,624458
new 2,623434,623946
new 6,621534,621717,622592,622593,623106,623434
new 2,621022,621534
new 2,620510,621022
new 2,619998,620510
new 2,619486,619998
new 2,618974,619486
new 2,618462,618974
new 2,617950,618462
new 2,617438,617950
new 2,616926,617438
new 2,616414,616926
new 2,615902,616414
new 2,615390,615902
new 2,614878,615390
new 2,614366,614878
new 2,613854,614366
new 2,613342,613854
new 2,612830,613342
new 2,612318,612830
new 2,611806,612318
new 2,611294,611806
new 2,610782,611294
new 2,610270,610782
new 2,609758,610270
new 2,609246,609758
new 2,608734,609246
new 2,608222,608734
new 2,607710,608222
new 2,607198,607710
new 2,606686,607198
new 2,606174,606686
new 2,605662,606174
new 2,605150,605662
new 2,604638,605150
new 2,604126,604638
new 2,603614,604126
new 2,603102,603614
new 2,602590,603102
new 2,602078,602590
new 2,601566,602078
new 2,601054,601566
new 2,600542,601054
new 2,600030,600542
new 2,599518,600030
new 2,599006,599518
new 8,598491,598773,598774,598868,598869,598870,598871,599006
new 2,597979,598491
new 4,597466,597485,597486,597979
new 4,596952,597231,597233,597466
new 2,596440,596952
new 2,595928,596440
new 2,595416,595928
new 2,594904,595416
new 2,594392,594904
new 2,593880,594392
new 2,593368,593880
new 2,592856,593368
new 2,592344,592856
new 2,591832,592344
new 2,591320,591832
new 2,590808,591320
new 6,589782,589823,589824,589825,590338,590808
new 2,589270,589782
new 4,588757,588908,588909,589270
new 2,588245,588757
new 2,587733,588245
new 2,587221,587733
new 2,586709,587221
new 2,586197,586709
new 2,585685,586197
new 2,585173,585685
new 2,584661,585173
new 2,584149,584661
new 2,583637,584149
new 2,583125,583637
new 2,582613,583125
new 2,582101,582613
new 2,581589,582101
new 2,581077,581589
new 2,580565,581077
new 2,580053,580565
new 2,579541,580053
new 2,579029,579541
new 2,578517,579029
new 2,578005,578517
new 2,577493,578005
new 2,576981,577493
new 2,576469,576981
new 2,575957,576469
new 2,575445,575957
new 2,574933,575445
new 2,574421,574933
new 2,573909,574421
new 2,573397,573909
new 2,572885,573397
new 2,572373,572885
new 2,571861,572373
new 2,571349,571861
new 2,570837,571349
new 2,570325,570837
new 2,569813,570325
new 2,569301,569813
new 2,568789,569301
new 2,568277,568789
new 2,567765,568277
new 2,567253,567765
new 2,566741,567253
new 2,566229,566741
new 2,565717,566229
new 2,565205,565717
new 2,564693,565205
new 2,564181,564693
new 2,563669,564181
new 2,563157,563669
new 2,562645,563157
new 2,562133,562645
new 2,561621,562133
new 2,561109,561621
new 2,560597,561109
new 2,560085,560597
new 2,559573,560085
new 2,559061,559573
new 2,558549,559061
new 2,558037,558549
new 6,557011,557055,557056,557057,557570,558037
new 2,556499,557011
new 2,555987,556499
new 2,555475,555987
new 2,554963,555475
new 2,554451,554963
new 2,553939,554451
new 2,553427,553939
new 2,552915,553427
new 2,552403,552915
new 2,551891,552403
new 2,551379,551891
new 2,550867,551379
new 2,550355,550867
new 2,549843,550355
new 2,549331,549843
new 2,548819,549331
new 2,548307,548819
new 2,547795,548307
new 2,547283,547795
new 2,546771,547283
new 2,546259,546771
new 2,545747,546259
new 2,545235,545747
new 4,544716,545146,545153,545235
new 4,544203,544382,544383,544716
new 2,543691,544203
new 2,543179,543691
new 2,542667,543179
new 2,542155,542667
new 2,541643,542155
new 2,541131,541643
new 2,540619,541131
new 2,540107,540619
new 2,539595,540107
new 2,539083,539595
new 2,538571,539083
new 2,538059,538571
new 2,537547,538059
new 2,4318,4830
new 2,3806,4318
new 2,2782,3294
new 2,3294,3806
new 2,537035,537547
new 2,536523,537035
new 2,536011,536523
new 2,535499,536011
new 2,534987,535499
new 2,534475,534987
new 2,533963,534475
new 2,533451,533963
new 4,532936,533152,533155,533451
new 4,532422,532503,532505,532936
new 2,531910,532422
new 2,531398,531910
new 2,530886,531398
new 6,530354,530520,530538,530541,530543,530886
new 14,529833,529954,529955,529957,529958,529967,529968,529980,529981,529994,529995,530000,530004,530354
new 2,529321,529833
new 2,528809,529321
new 18,528279,528612,528615,528616,528617,528619,528620,528624,528625,528631,528633,528636,528640,528643,528645,528647,528651,528809
new 2,527767,528279
new 6,527252,527253,527255,527262,527263,527767
new 10,526735,527232,527233,527234,527235,527236,527238,527246,527247,527252
new 2,526223,526735
new 2,525711,526223
new 32,525146,525147,525153,525154,525155,525156,525157,525158,525166,525169,525170,525175,525176,525177,525178,525179,525181,525186,525188,525191,525193,525197,525200,525202,525205,525212,525215,525216,525234,525251,525252,525711
new 40,524040,524287,524288,524289,524802,525037,525038,525039,525040,525045,525047,525049,525061,525062,525064,525065,525070,525071,525072,525073,525086,525088,525089,525090,525093,525099,525100,525101,525114,525115,525130,525131,525134,525135,525137,525138,525140,525141,525143,525145
new 2,523528,524040
new 2,523016,523528
new 2,522504,523016
new 2,521992,522504
new 2,521480,521992
new 2,520968,521480
new 2,520456,520968
new 2,519944,520456
new 6,519428,519432,519433,519435,519438,519944
new 8,518910,519057,519060,519062,519063,519067,519069,519428
new 4,518396,518582,518584,518910
new 2,517884,518396
new 10,517364,517417,517420,517431,517433,517438,517440,517441,517442,517884
new 2,516852,517364
new 4,516332,516420,516428,516852
new 12,515815,516061,516062,516067,516068,516077,516078,516082,516083,516085,516086,516332
new 2,515303,515815
new 4,514790,514819,514820,515303
new 2,514278,514790
new 2,513766,514278
new 2,513254,513766
new 2,512742,513254
new 2,512230,512742
new 2,511718,512230
new 2,511206,511718
new 2,510694,511206
new 2,510182,510694
new 2,509670,510182
new 2,509158,509670
new 2,508646,509158
new 2,508134,508646
new 2,507622,508134
new 2,507110,507622
new 2,506598,507110
new 2,506086,506598
new 2,505574,506086
new 2,505062,505574
new 2,504550,505062
new 2,504038,504550
new 2,503526,504038
new 2,503014,503526
new 2,502502,503014
new 2,501990,502502
new 2,501478,501990
new 2,500966,501478
new 2,500454,500966
new 2,499942,500454
new 2,499430,499942
new 2,498918,499430
new 2,498406,498918
new 2,497894,498406
new 2,497382,497894
new 2,496870,497382
new 2,496358,496870
new 2,495846,496358
new 2,495334,495846
new 2,494822,495334
new 2,494310,494822
new 2,493798,494310
new 2,493286,493798
new 2,492774,493286
new 2,492262,492774
new 6,491236,491519,491520,491521,492034,492262
new 2,490724,491236
new 2,490212,490724
new 2,489700,490212
new 2,489188,489700
new 2,488676,489188
new 6,488162,488219,488220,488223,488224,488676
new 2,487650,488162
new 2,487138,487650
new 2,486626,487138
new 2,486114,486626
new 2,485602,486114
new 2,485090,485602
new 2,484578,485090
new 2,484066,484578
new 2,483554,484066
new 2,483042,483554
new 2,482530,483042
new 4,482016,482230,482232,482530
new 6,481502,481938,481939,481942,481943,482016
new 2,480990,481502
new 2,480478,480990
new 2,479966,480478
new 2,479454,479966
new 2,478942,479454
new 2,478430,478942
new 2,477918,478430
new 2,477406,477918
new 2,476894,477406
new 2,476382,476894
new 2,475870,476382
new 2,475358,475870
new 2,474846,475358
new 2,474334,474846
new 2,473822,474334
new 2,473310,473822
new 2,472798,473310
new 2,472286,472798
new 2,471774,472286
new 2,471262,471774
new 2,470750,471262
new 2,470238,470750
new 2,469726,470238
new 2,469214,469726
new 4,468701,468953,468954,469214
new 2,468189,468701
new 2,467677,468189
new 2,467165,467677
new 2,466653,467165
new 2,466141,466653
new 2,465629,466141
new 4,465114,465263,465266,465629
new 2,464602,465114
new 54,464008,464143,464146,464147,464154,464156,464157,464159,464160,464163,464168,464169,464170,464171,464172,464173,464174,464175,464178,464180,464181,464182,464183,464185,464186,464187,464188,464190,464191,464192,464193,464198,464206,464208,464218,464221,464223,464224,464226,464233,464237,464250,464251,464253,464254,464256,464262,464266,464268,464272,464274,464276,464291,464602
new 2,463496,464008
new 2,462984,463496
new 2,462472,462984
new 2,461960,462472
new 2,461448,461960
new 2,460936,461448
new 8,460418,460671,460673,460678,460681,460684,460685,460936
new 2,459906,460418
new 2,459394,459906
new 6,458368,458751,458752,458753,459266,459394
new 2,457856,458368
new 2,457344,457856
new 2,456832,457344
new 2,456320,456832
new 4,455807,455828,455829,456320
new 2,455295,455807
new 2,454783,455295
new 2,454271,454783
new 2,453759,454271
new 2,453247,453759
new 2,452735,453247
new 2,452223,452735
new 2,451711,452223
new 2,451199,451711
new 2,450687,451199
new 2,450175,450687
new 2,449663,450175
new 2,449151,449663
new 2,907922,908434
new 2,907410,907922
new 2,906898,907410
new 64,906256,906577,906579,906581,906582,906584,906585,906587,906588,906592,906593,906596,906608,906609,906611,906612,906617,906618,906619,906620,906634,906637,906640,906641,906642,906645,906646,906647,906661,906662,906663,906664,906677,906678,906681,906682,906685,906686,906688,906689,906694,906697,906698,906700,906702,906708,906715,906718,906720,906726,906727,906732,906736,906737,906741,906742,906743,906747,906751,906752,906769,906787,906788,906898
new 2,905744,906256
new 2,905232,905744
new 2,904720,905232
new 2,904208,904720
new 2,903696,904208
new 2,903184,903696
new 2,902672,903184
new 2,902160,902672
new 4,901646,902062,902064,902160
new 2,901134,901646
new 2,900622,901134
new 2,900110,900622
new 2,899598,900110
new 2,899086,899598
new 2,898574,899086
new 2,898062,898574
new 2,897550,898062
new 2,897038,897550
new 2,896526,897038
new 2,896014,896526
new 4,895501,895578,895579,896014
new 2,894989,895501
new 2,894477,894989
new 2,893965,894477
new 2,893453,893965
new 2,892941,893453
new 2,892429,892941
new 2,891917,892429
new 2,891405,891917
new 6,890874,890998,891002,891019,891034,891405
new 2,890362,890874
new 2,889850,890362
new 2,889338,889850
new 2,888826,889338
new 2,888314,888826
new 2,887802,888314
new 2,887290,887802
new 2,886778,887290
new 2,886266,886778
new 2,885754,886266
new 10,851690,851967,851968,851969,884736,884738,885009,885010,885523,885754
new 2,851178,851690
new 2,850666,851178
new 2,850154,850666
new 2,849642,850154
new 2,849130,849642
new 6,848615,848859,848860,848878,848880,849130
new 2,848103,848615
new 2,847591,848103
new 2,847079,847591
new 2,846567,847079
new 2,846055,846567
new 2,845543,846055
new 2,845031,845543
new 2,844519,845031
new 2,844007,844519
new 6,843493,843535,843536,843692,843693,844007
new 2,842981,843493
new 2,842469,842981
new 2,841957,842469
new 2,841445,841957
new 2,840933,841445
new 2,840421,840933
new 2,839909,840421
new 2,839397,839909
new 2,838885,839397
new 2,838373,838885
new 2,837861,838373
new 2,837349,837861
new 2,836837,837349
new 2,836325,836837
new 2,835813,836325
new 2,835301,835813
new 2,834789,835301
new 2,834277,834789
new 2,833765,834277
new 2,833253,833765
new 2,832741,833253
new 2,832229,832741
new 2,831717,832229
new 2,831205,831717
new 2,830693,831205
new 2,830181,830693
new 2,829669,830181
new 2,829157,829669
new 2,828645,829157
new 2,828133,828645
new 2,827621,828133
new 2,827109,827621
new 2,826597,827109
new 2,826085,826597
new 2,825573,826085
new 2,825061,825573
new 2,824549,825061
new 2,824037,824549
new 2,823525,824037
new 2,823013,823525
new 2,822501,823013
new 2,821989,822501
new 2,821477,821989
new 2,820965,821477
new 2,820453,820965
new 16,660113,660152,688128,688129,720896,720897,753664,753665,786432,786433,819200,819202,819473,819474,819987,820453
new 2,659601,660113
new 2,659089,659601
new 2,658577,659089
new 2,658065,658577
new 2,657553,658065
new 2,657041,657553
new 2,656529,657041
new 2,656017,656529
new 6,653644,654012,655360,655361,655874,656017
new 2,653132,653644
new 2,652620,653132
new 2,652108,652620
new 2,651596,652108
new 2,651084,651596
new 2,650572,651084
new 2,650060,650572
new 2,649548,650060
new 2,649036,649548
new 2,648524,649036
new 2,648012,648524
new 2,647500,648012
new 2,646988,647500
new 2,646476,646988
new 2,645964,646476
new 2,645452,645964
new 2,644940,645452
new 2,644428,644940
new 2,643916,644428
new 2,643404,643916
new 2,642892,643404
new 2,642380,642892
new 2,641868,642380
new 2,641356,641868
new 2,640844,641356
new 2,640332,640844
new 6,639818,639821,639822,639980,639981,640332
new 2,639306,639818
new 2,638794,639306
new 2,638282,638794
new 2,637770,638282
new 2,637258,637770
new 2,636746,637258
new 2,636234,636746
new 2,635722,636234
new 2,635210,635722
new 2,634698,635210
new 2,634186,634698
new 2,633674,634186
new 2,633162,633674
new 2,632650,633162
new 2,632138,632650
new 2,631626,632138
new 2,631114,631626
new 2,630602,631114
new 2,630090,630602
new 2,629578,630090
new 2,629066,629578
new 2,628554,629066
new 2,628042,628554
new 2,627530,628042
new 2,627018,627530
new 2,626506,627018
new 2,183665,184177
new 2,183153,183665
new 2,182641,183153
new 2,182129,182641
new 2,181617,182129
new 6,181093,181478,181480,181492,181502,181617
new 2,180581,181093
new 2,180069,180581
new 2,179557,180069
new 2,179045,179557
new 2,178533,179045
new 2,178021,178533
new 2,177509,178021
new 2,176997,177509
new 2,176485,176997
new 2,175973,176485
new 4,175460,175568,175569,175973
new 4,174947,175271,175272,175460
new 2,174435,174947
new 2,173923,174435
new 2,173411,173923
new 2,172899,173411
new 2,172387,172899
new 2,171875,172387
new 2,171363,171875
new 2,170851,171363
new 2,170339,170851
new 2,169827,170339
new 2,169315,169827
new 2,168803,169315
new 2,168291,168803
new 2,167779,168291
new 2,167267,167779
new 2,166755,167267
new 2,166243,166755
new 2,165731,166243
new 2,165219,165731
new 2,164707,165219
new 8,163410,163839,163840,163842,164113,164114,164627,164707
new 2,162898,163410
new 2,162386,162898
new 2,161874,162386
new 2,161362,161874
new 2,160850,161362
new 2,160338,160850
new 2,159826,160338
new 2,159314,159826
new 2,158802,159314
new 2,158290,158802
new 2,157778,158290
new 2,157266,157778
new 2,156754,157266
new 2,156242,156754
new 2,155730,156242
new 2,155218,155730
new 2,154706,155218
new 2,154194,154706
new 2,153682,154194
new 2,153170,153682
new 2,152658,153170
new 6,152142,152180,152181,152435,152438,152658
new 2,151630,152142
new 2,151118,151630
new 2,150606,151118
new 2,150094,150606
new 2,149582,150094
new 2,149070,149582
new 2,148558,149070
new 2,148046,148558
new 2,147534,148046
new 2,147022,147534
new 2,146510,147022
new 2,145998,146510
new 6,145478,145486,145492,145494,145496,145998
new 16,144947,145031,145033,145060,145064,145070,145072,145081,145083,145088,145090,145091,145092,145093,145099,145478
new 46,144380,144742,144744,144753,144754,144755,144764,144765,144769,144770,144776,144777,144779,144780,144781,144784,144786,144788,144789,144791,144794,144795,144799,144802,144805,144806,144807,144819,144821,144823,144824,144833,144834,144842,144844,144845,144846,144847,144848,144922,144923,144924,144926,144930,144935,144947
new 2,143868,144380
new 2,143356,143868
new 2,142844,143356
new 2,142332,142844
new 2,141820,142332
new 2,141308,141820
new 2,140796,141308
new 2,140284,140796
new 2,139772,140284
new 2,139260,139772
new 2,138748,139260
new 2,138236,138748
new 4,137723,138054,138055,138236
new 2,137211,137723
new 2,136699,137211
new 4,136185,136238,136240,136699
new 2,135673,136185
new 2,135161,135673
new 2,134649,135161
new 2,134137,134649
new 2,133625,134137
new 2,133113,133625
new 2,132601,133113
new 2,132089,132601
new 6,131063,131071,131072,131073,131586,132089
new 2,130551,131063
new 2,130039,130551
new 2,129527,130039
new 2,129015,129527
new 2,128503,129015
new 2,127991,128503
new 2,127479,127991
new 2,126967,127479
new 2,126455,126967
new 2,125943,126455
new 2,125431,125943
new 2,124919,125431
new 2,124407,124919
new 2,123895,124407
new 2,123383,123895
new 2,122871,123383
new 2,122359,122871
new 2,121847,122359
new 2,121335,121847
new 2,120823,121335
new 2,120311,120823
new 2,119799,120311
new 2,119287,119799
new 2,118775,119287
new 2,118263,118775
new 2,117751,118263
new 2,117239,117751
new 2,116727,117239
new 2,116215,116727
new 2,115703,116215
new 2,115191,115703
new 2,114679,115191
new 2,114167,114679
new 2,113655,114167
new 2,113143,113655
new 2,112631,113143
new 2,112119,112631
new 2,111607,112119
new 2,111095,111607
new 2,110583,111095
new 2,110071,110583
new 2,109559,110071
new 2,109047,109559
new 2,108535,109047
new 2,108023,108535
new 2,107511,108023
new 2,106999,107511
new 2,106487,106999
new 2,105975,106487
new 2,105463,105975
new 2,104951,105463
new 2,104439,104951
new 2,103927,104439
new 2,103415,103927
new 2,102903,103415
new 2,102391,102903
new 2,101879,102391
new 2,101367,101879
new 2,100855,101367
new 2,100343,100855
new 2,99831,100343
new 2,99319,99831
new 8,98022,98303,98304,98306,98577,98578,99091,99319
new 2,97510,98022
new 2,96998,97510
new 2,96486,96998
new 2,95974,96486
new 2,95462,95974
zero 380,272,273,567,787,11486,11487,12663,12664,12769,12770,12859,12860,17716,17717,17840,17841,17984,17986,17987,17988,33042,33043,34361,34364,41384,41389,48811,48813,65537,65538,70504,70505,78703,78705,78711,78712,78717,78718,78720,78728,78739,78742,78745,78749,78755,78756,78759,78787,78788,78801,78802,78811,78824,78829,78831,78832,78833,78835,78838,78839,78840,78844,78851,78853,78854,78856,78857,78860,78861,78862,78863,78868,78872,78887,78888,78890,78891,78896,78897,78898,78899,78910,78915,78918,78923,78934,78935,78937,78938,78939,78940,78951,78952,78955,78956,78958,78959,78960,78961,78962,78965,78970,78974,78975,78976,78979,78980,78981,78985,78986,78987,78988,78993,78994,78999,79006,79007,79009,79010,79011,79027,79029,79030,79032,79034,79037,79038,79039,79044,79047,79049,79052,79056,79061,79062,79067,79126,79127,82622,82623,82739,82746,84172,84173,92683,92684,92691,92694,98578,98579,131073,131074,136238,136240,138054,138055,144742,144744,144753,144754,144755,144764,144765,144769,144770,144776,144777,144779,144780,144781,144784,144786,144788,144789,144791,144794,144795,144799,144802,144805,144806,144807,144819,144821,144823,144824,144833,144834,144842,144844,144845,144846,144847,144848,144922,144923,144924,144926,144930,144935,145031,145033,145060,145064,145070,145072,145081,145083,145088,145090,145091,145092,145093,145099,145486,145492,145494,145496,152180,152181,152435,152438,164114,164115,175271,175272,175568,175569,181478,181480,181492,181502,193352,193353,193366,193367,196609,196610,223114,223116,226678,226679,229650,229651,231093,231095,234714,234715,235525,235527,245646,245647,247683,247684,251658,251659,251660,251661,252036,252038,252039,252040,258173,258174,259367,259551,261030,261087,262145,262146,278934,278935,285101,285126,285127,285143,285158,285159,285173,285175,285177,285180,285181,285182,285183,285184,285185,285188,285189,285190,285197,285200,285201,285204,289378,289379,291456,291458,291462,291463,295186,295187,296842,296843,299130,299140,300291,300292,300420,300423,300435,300444,327681,327682,333202,333204,333205,333206,333207,333208,333209,333210,333213,333215,333218,333219,333220,333223,333224,333226,333227,333228,333230,333232,333233,333234,333236,333237,333243,333248,334045,334046,336232,336233,336236,336237,336238,336239,336248,336249,336250,336264,336266,336267,336277,336278,336280,336282,336285,336295,336302,336305,336311,336317,336352,336353,337900,337902,337908,337909,342516,342517,342518,342525,342526,342527,342530,342542,342543,342550
zero 608,342550,342552,342554,342556,342557,342561,342562,342565,342566,342570,342571,342573,342574,342588,342589,342590,342591,342610,342613,342616,342617,342618,342619,342625,342629,342631,342634,342635,342636,342638,342641,342643,342644,342645,342660,342661,342667,342668,342670,342673,342674,342678,342679,342680,342685,342689,342690,342707,345316,345317,345321,345322,345325,345326,345327,345329,345744,345745,346335,346336,346339,346340,347347,347350,347351,347352,347354,347355,347360,347361,348294,348295,351234,351235,351248,351250,352591,352592,352629,352631,352931,352932,360118,360120,360449,360450,369972,369982,369984,369986,369987,369990,369992,369993,369994,369995,369996,370009,370015,370017,370025,370037,370038,370040,370041,370042,370043,370057,370058,370061,370062,370064,370066,370067,370075,370077,370078,370080,370088,370089,370093,370099,370101,370106,370110,370114,370115,370129,370918,370919,373674,373675,387496,387498,387831,387834,393217,393218,416686,416688,416689,416691,416692,416693,416695,416696,416699,416703,416704,416706,416710,416713,416714,416717,416720,416721,416725,416727,416733,416736,416739,416741,420867,420868,421040,421042,424045,424046,424070,424072,425985,425986,428470,428471,428495,428497,430653,430662,444494,444496,444501,444504,444508,444509,445123,445124,445506,445507,447027,447028,447064,447065,447457,447458,448661,448663,448949,448952,455828,455829,458753,458754,460671,460673,460678,460681,460684,460685,464143,464146,464147,464154,464156,464157,464159,464160,464163,464168,464169,464170,464171,464172,464173,464174,464175,464178,464180,464181,464182,464183,464185,464186,464187,464188,464190,464191,464192,464193,464198,464206,464208,464218,464221,464223,464224,464226,464233,464237,464250,464251,464253,464254,464256,464262,464266,464268,464272,464274,464276,464291,465263,465266,468953,468954,481938,481939,481942,481943,482230,482232,488219,488220,488223,488224,491521,491522,514819,514820,516061,516062,516067,516068,516077,516078,516082,516083,516085,516086,516420,516428,517417,517420,517431,517433,517438,517440,517441,517442,518582,518584,519057,519060,519062,519063,519067,519069,519432,519433,519435,519438,524289,524290,525037,525038,525039,525040,525045,525047,525049,525061,525062,525064,525065,525070,525071,525072,525073,525086,525088,525089,525090,525093,525099,525100,525101,525114,525115,525130,525131,525134,525135,525137,525138,525140,525141,525143,525145,525146,525147,525153,525154,525155,525156,525157,525158,525166,525169,525170,525175,525176,525177,525178,525179,525181,525186,525188,525191,525193,525197,525200,525202,525205,525212,525215,525216,525234,525251,525252,527232,527233,527234,527235,527236,527238,527246,527247,527253,527255,527262,527263,528612,528615,528616,528617,528619,528620,528624,528625,528631,528633,528636,528640,528643,528645,528647,528651,529954,529955,529957,529958,529967,529968,529980,529981,529994,529995,530000,530004,530520,530538,530541,530543,532503,532505,533152,533155,544382,544383,545146,545153,557057,557058,588908,588909,589825,589826,597231,597233,597485,597486,598773,598774,598868,598869,598870,598871,622593,622594,639821,639822,639980,639981,655361,655362,688129,688130,720897,720898,753665,753666,786433,786434,819474,819475,843535,843536,843692,843693,848859,848860,848878,848880,851969,851970,885010,885011,890998,891002,891019,891034,895578,895579,902062,902064,906577,906579,906581,906582,906584,906585,906587,906588,906592,906593,906596,906608,906609,906611,906612,906617,906618,906619,906620,906634,906637,906640,906641,906642,906645,906646,906647,906661,906662,906663,906664,906677,906678,906681,906682,906685,906686,906688,906689,906694,906697,906698,906700,906702,906708,906715,906718,906720,906726,906727,906732,906736,906737,906741,906742,906743,906747,906751,906752,906769,906787,906788,911267,911268,911269,911271,911272,911274,911277,911279,911283,911284,911288,911290,911292,911297,911298,911301,911305,911313,911316,911322,911329,911330,911332,911333,911336,911337,911345,911346,911353,911354,911362,911365,911369,911372,911376,911379,911380,911391,911661,911663,913334,913335,913345,913350,913355,913356,913461,913462,917505,917506,950273,950274,983041,983042,1015809,1015810,1048577,1048578,1081345,1081346,1092844,1092986
zero 12,1092986,1093150,1093952,1094174,1094901,1095083,1096598,1096619,1112902,1112909,1112910,1112917
new 4,514,567,787,1246
new 4,1,272,273,514
new 2,1758,2270
new 2,1246,1758
new 2,2270,2782
new 2,0,1
new 2,1113531,1113599
new 2,1113019,1113531
new 6,1112493,1112902,1112909,1112910,1112917,1113019
new 2,1111981,1112493
new 2,1111469,1111981
new 2,1110957,1111469
new 2,1110445,1110957
new 2,1109933,1110445
new 2,1109421,1109933
new 2,1108909,1109421
new 2,1108397,1108909
new 2,1107885,1108397
new 2,1107373,1107885
new 2,1106861,1107373
new 2,1106349,1106861
new 2,1105837,1106349
new 2,1105325,1105837
new 2,1104813,1105325
new 2,1104301,1104813
new 2,1103789,1104301
new 2,1103277,1103789
new 2,1102765,1103277
new 2,1102253,1102765
new 2,1101741,1102253
new 2,1101229,1101741
new 2,1100717,1101229
new 2,1100205,1100717
new 2,1099693,1100205
new 2,1099181,1099693
new 2,1098669,1099181
new 2,1098157,1098669
new 2,1097645,1098157
new 2,1097133,1097645
new 2,1096621,1097133
new 4,1096088,1096598,1096619,1096621
new 2,1095576,1096088
new 4,1094882,1094901,1095083,1095576
new 2,1094370,1094882
new 4,1093636,1093952,1094174,1094370
new 4,1092818,1092844,1093150,1093636
new 2,1092306,1092818
new 2,1091794,1092306
new 2,1091282,1091794
new 2,1090770,1091282
new 2,1090258,1090770
new 2,1089746,1090258
new 2,1089234,1089746
new 2,1088722,1089234
new 2,1088210,1088722
new 2,1087698,1088210
new 2,1087186,1087698
new 2,1086674,1087186
new 2,1086162,1086674
new 2,1085650,1086162
new 2,1085138,1085650
new 2,1084626,1085138
new 2,1084114,1084626
new 2,1083602,1084114
new 2,1083090,1083602
new 2,1082578,1083090
new 2,1082066,1082578
new 16,917205,917503,917504,917505,950272,950273,983040,983041,1015808,1015809,1048576,1048577,1081344,1081345,1081858,1082066
new 2,916693,917205
new 2,916181,916693
new 2,915669,916181
new 2,915157,915669
new 2,914645,915157
new 2,914133,914645
new 2,913621,914133
new 10,913101,913334,913335,913345,913350,913355,913356,913461,913462,913621
new 2,912589,913101
new 2,912077,912589
new 4,911563,911661,911663,912077
new 40,910994,911267,911268,911269,911271,911272,911274,911277,911279,911283,911284,911288,911290,911292,911297,911298,911301,911305,911313,911316,911322,911329,911330,911332,911333,911336,911337,911345,911346,911353,911354,911362,911365,911369,911372,911376,911379,911380,911391,911563
new 2,910482,910994
new 2,909970,910482
new 2,909458,909970
new 2,908946,909458
new 2,908434,908946
new 6,448634,448661,448663,448949,448952,449151
new 2,448122,448634
new 2,447610,448122
new 4,447097,447457,447458,447610
new 6,446583,447027,447028,447064,447065,447097
new 2,446071,446583
new 2,445559,446071
new 6,445045,445123,445124,445506,445507,445559
new 2,444533,445045
new 8,444015,444494,444496,444501,444504,444508,444509,444533
new 2,443503,444015
new 2,442991,443503
new 2,442479,442991
new 2,441967,442479
new 2,441455,441967
new 2,440943,441455
new 2,440431,440943
new 2,439919,440431
new 2,439407,439919
new 2,438895,439407
new 2,438383,438895
new 2,437871,438383
new 2,437359,437871
new 2,436847,437359
new 2,436335,436847
new 2,435823,436335
new 2,435311,435823
new 2,434799,435311
new 2,434287,434799
new 2,433775,434287
new 2,433263,433775
new 2,432751,433263
new 2,432239,432751
new 2,431727,432239
new 2,431215,431727
new 2,430703,431215
new 4,430182,430653,430662,430703
new 2,429670,430182
new 2,429158,429670
new 2,428646,429158
new 6,428131,428470,428471,428495,428497,428646
new 2,427619,428131
new 2,427107,427619
new 2,426595,427107
new 6,425569,425983,425984,425985,426498,426595
new 2,425057,425569
new 2,424545,425057
new 6,424030,424045,424046,424070,424072,424545
new 2,423518,424030
new 2,423006,423518
new 2,422494,423006
new 2,421982,422494
new 2,421470,421982
new 4,420956,421040,421042,421470
new 4,420443,420867,420868,420956
new 2,419931,420443
new 2,419419,419931
new 2,418907,419419
new 2,418395,418907
new 2,417883,418395
new 2,417371,417883
new 2,416859,417371
new 26,416321,416686,416688,416689,416691,416692,416693,416695,416696,416699,416703,416704,416706,416710,416713,416714,416717,416720,416721,416725,416727,416733,416736,416739,416741,416859
new 2,415809,416321
new 2,415297,415809
new 2,414785,415297
new 2,414273,414785
new 2,413761,414273
new 2,413249,413761
new 2,412737,413249
new 2,412225,412737
new 2,411713,412225
new 2,411201,411713
new 2,410689,411201
new 2,410177,410689
new 2,409665,410177
new 2,409153,409665
new 2,408641,409153
new 2,408129,408641
new 2,407617,408129
new 2,407105,407617
new 2,406593,407105
new 2,406081,406593
new 2,405569,406081
new 2,405057,405569
new 2,404545,405057
new 2,404033,404545
new 2,403521,404033
new 2,403009,403521
new 2,402497,403009
new 2,401985,402497
new 2,401473,401985
new 2,400961,401473
new 2,400449,400961
new 2,399937,400449
new 2,399425,399937
new 2,398913,399425
new 2,398401,398913
new 2,397889,398401
new 2,397377,397889
new 2,396865,397377
new 2,396353,396865
new 2,395841,396353
new 2,395329,395841
new 2,394817,395329
new 2,394305,394817
new 2,393793,394305
new 6,392767,393215,393216,393217,393730,393793
new 2,392255,392767
new 2,391743,392255
new 2,391231,391743
new 2,390719,391231
new 2,390207,390719
new 2,389695,390207
new 2,389183,389695
new 2,388671,389183
new 2,388159,388671
new 4,387644,387831,387834,388159
new 4,387130,387496,387498,387644
new 2,386618,387130
new 2,386106,386618
new 2,385594,386106
new 2,385082,385594
new 2,384570,385082
new 2,384058,384570
new 2,383546,384058
new 2,383034,383546
new 2,382522,383034
new 2,382010,382522
new 2,381498,382010
new 2,380986,381498
new 2,380474,380986
new 2,379962,380474
new 2,379450,379962
new 2,378938,379450
new 2,378426,378938
new 2,377914,378426
new 2,377402,377914
new 2,376890,377402
new 2,376378,376890
new 2,375866,376378
new 2,375354,375866
new 2,374842,375354
new 2,374330,374842
new 2,373818,374330
new 4,373305,373674,373675,373818
new 2,372793,373305
new 2,372281,372793
new 2,371769,372281
new 2,371257,371769
new 4,370744,370918,370919,371257
new 2,370232,370744
new 44,369619,369972,369982,369984,369986,369987,369990,369992,369993,369994,369995,369996,370009,370015,370017,370025,370037,370038,370040,370041,370042,370043,370057,370058,370061,370062,370064,370066,370067,370075,370077,370078,370080,370088,370089,370093,370099,370101,370106,370110,370114,370115,370129,370232
new 2,369107,369619
new 2,368595,369107
new 2,368083,368595
new 2,367571,368083
new 2,367059,367571
new 2,366547,367059
new 2,366035,366547
new 2,365523,366035
new 2,365011,365523
new 2,364499,365011
new 2,363987,364499
new 2,363475,363987
new 2,362963,363475
new 2,362451,362963
new 2,361939,362451
new 2,361427,361939
new 2,94950,95462
new 2,94438,94950
new 2,93926,94438
new 2,93414,93926
new 2,92902,93414
new 6,92386,92683,92684,92691,92694,92902
new 2,91874,92386
new 2,91362,91874
new 2,90850,91362
new 2,90338,90850
new 2,89826,90338
new 2,89314,89826
new 2,88802,89314
new 2,88290,88802
new 2,87778,88290
new 2,87266,87778
new 2,86754,87266
new 2,86242,86754
new 2,85730,86242
new 2,85218,85730
new 2,84706,85218
new 2,84194,84706
new 4,83681,84172,84173,84194
new 2,83169,83681
new 4,82650,82739,82746,83169
new 4,82137,82622,82623,82650
new 2,81625,82137
new 2,81113,81625
new 2,80601,81113
new 2,80089,80601
new 2,79577,80089
new 8,79054,79056,79061,79062,79067,79126,79127,79577
new 102,78340,78703,78705,78711,78712,78717,78718,78720,78728,78739,78742,78745,78749,78755,78756,78759,78787,78788,78801,78802,78811,78824,78829,78831,78832,78833,78835,78838,78839,78840,78844,78851,78853,78854,78856,78857,78860,78861,78862,78863,78868,78872,78887,78888,78890,78891,78896,78897,78898,78899,78910,78915,78918,78923,78934,78935,78937,78938,78939,78940,78951,78952,78955,78956,78958,78959,78960,78961,78962,78965,78970,78974,78975,78976,78979,78980,78981,78985,78986,78987,78988,78993,78994,78999,79006,79007,79009,79010,79011,79027,79029,79030,79032,79034,79037,79038,79039,79044,79047,79049,79052,79054
new 2,77828,78340
new 2,77316,77828
new 2,76804,77316
new 2,76292,76804
new 2,75780,76292
new 2,75268,75780
new 2,74756,75268
new 2,74244,74756
new 2,73732,74244
new 2,73220,73732
new 2,72708,73220
new 2,72196,72708
new 2,71684,72196
new 2,71172,71684
new 2,70660,71172
new 4,70147,70504,70505,70660
new 2,69635,70147
new 2,69123,69635
new 2,68611,69123
new 2,68099,68611
new 2,67587,68099
new 2,67075,67587
new 2,66563,67075
new 2,66051,66563
new 6,65025,65535,65536,65537,66050,66051
new 2,64513,65025
new 2,64001,64513
new 2,63489,64001
new 2,62977,63489
new 2,62465,62977
new 2,61953,62465
new 2,61441,61953
new 2,60929,61441
new 2,60417,60929
new 2,59905,60417
new 2,59393,59905
new 2,58881,59393
new 2,58369,58881
new 2,57857,58369
new 2,57345,57857
new 2,56833,57345
new 2,56321,56833
new 2,55809,56321
new 2,55297,55809
new 2,54785,55297
new 2,54273,54785
new 2,53761,54273
new 2,53249,53761
new 2,52737,53249
new 2,52225,52737
new 2,51713,52225
new 2,51201,51713
new 2,50689,51201
new 2,50177,50689
new 2,49665,50177
new 2,49153,49665
new 4,48639,48811,48813,49153
new 2,48127,48639
new 2,47615,48127
new 2,47103,47615
new 2,46591,47103
new 2,46079,46591
new 2,45567,46079
new 2,45055,45567
new 2,44543,45055
new 2,44031,44543
new 2,43519,44031
new 2,43007,43519
new 2,42495,43007
new 2,41983,42495
new 2,41471,41983
new 4,40954,41384,41389,41471
new 2,40442,40954
new 2,39930,40442
new 2,39418,39930
new 2,38906,39418
new 2,38394,38906
new 2,37882,38394
new 2,37370,37882
new 2,36858,37370
new 2,36346,36858
new 2,35834,36346
new 2,35322,35834
new 2,34810,35322
new 4,34295,34361,34364,34810
new 2,33783,34295
new 6,32487,32770,33041,33042,33555,33783
new 2,31975,32487
new 2,31463,31975
new 2,30951,31463
new 2,30439,30951
new 2,29927,30439
new 2,29415,29927
new 2,28903,29415
new 2,28391,28903
new 2,27879,28391
new 2,27367,27879
new 2,26855,27367
new 2,26343,26855
new 2,25831,26343
new 2,25319,25831
new 2,24807,25319
new 2,24295,24807
new 2,23783,24295
new 2,23271,23783
new 2,22759,23271
new 2,22247,22759
new 2,21735,22247
new 2,21223,21735
new 2,20711,21223
new 2,20199,20711
new 2,19687,20199
new 2,19175,19687
new 2,18663,19175
new 2,18151,18663
new 10,17634,17716,17717,17840,17841,17984,17986,17987,17988,18151
new 2,17122,17634
new 2,16610,17122
new 2,16098,16610
new 2,15586,16098
new 2,15074,15586
new 2,14562,15074
new 2,14050,14562
new 2,13538,14050
new 2,13026,13538
new 8,12511,12663,12664,12769,12770,12859,12860,13026
new 2,11999,12511
new 2,11487,11999
new 2,10974,11486
new 2,10462,10974
new 2,9950,10462
new 2,9438,9950
new 2,8926,9438
new 2,8414,8926
new 2,7902,8414
new 2,7390,7902
zero 12,33043,33282,65538,66047,98303,98304,98306,98577,98815,98818,131074,131075
zero 10,131075,131583,163839,163840,163842,164113,164351,164354,196610,196851
zero 10,196851,197119,229375,229376,229378,229649,229887,229890,262146,262627
zero 12,262627,262655,294911,294912,294914,295185,295423,295426,327682,328191,360450,360662
zero 6,360662,360959,393218,393727,425986,426204
zero 6,426204,426495,458754,459263,491522,491746
zero 6,491746,492031,524290,524799,557058,557288
zero 6,557288,557567,589826,590335,621717,621953
zero 8,621953,622080,622229,622592,654012,654524,654848,654870
zero 6,654870,655360,660152,660664,687616,687638
zero 6,687638,688128,688130,688642,720384,720406
zero 6,720406,720896,720898,721410,753152,753174
zero 6,753174,753664,753666,754178,785920,785942
zero 6,785942,786432,786434,786946,818688,818710
zero 14,818710,818961,819475,819714,852479,852482,884224,884497,885011,885250,918015,918018,949760,949776
zero 6,949776,950272,950274,950786,982528,982544
zero 6,982544,983040,983042,983554,1015296,1015312
zero 6,1015312,1015808,1015810,1016322,1048064,1048080
zero 6,1048080,1048576,1048578,1049090,1080832,1080848
zero 4,1080848,1081344,1113599,1113600
