4
78188
0
0
erase 6,76135,97792,98818,163328,164355,166400
new 2,5489,6001
new 2,4465,4977
new 2,4977,5489
new 2,1905,2417
new 2,2417,2929
new 2,3953,4465
new 2,3441,3953
new 2,2929,3441
new 2,1393,1905
new 4,1,70,438,881
new 2,881,1393
new 2,48932,49444
new 2,48420,48932
new 2,47908,48420
new 2,47396,47908
new 2,46884,47396
new 2,46372,46884
new 2,45860,46372
new 2,45348,45860
new 2,44836,45348
new 2,44324,44836
new 2,43812,44324
new 2,43300,43812
new 2,42788,43300
new 2,42276,42788
new 2,41764,42276
new 2,41252,41764
new 2,40740,41252
new 2,40228,40740
new 2,39716,40228
new 2,39204,39716
new 2,38692,39204
new 2,38180,38692
new 2,37668,38180
new 2,37156,37668
new 2,36644,37156
new 2,36132,36644
new 2,35620,36132
new 2,35108,35620
new 2,34596,35108
new 2,34084,34596
new 2,33572,34084
new 4,32625,32771,33206,33572
new 2,0,1
new 2,32113,32625
new 6,75479,75623,98304,98306,163840,163843
new 2,31601,32113
new 2,74967,75479
new 2,31089,31601
new 2,74455,74967
new 2,30577,31089
new 2,73943,74455
new 2,30065,30577
new 2,73431,73943
new 2,29553,30065
new 2,72919,73431
new 2,29041,29553
new 2,72407,72919
new 2,28529,29041
new 2,71895,72407
new 2,28017,28529
new 2,71383,71895
new 2,27505,28017
new 2,70871,71383
new 2,26993,27505
new 2,70359,70871
new 2,26481,26993
new 2,69847,70359
new 2,25969,26481
new 2,69335,69847
new 2,25457,25969
new 2,68823,69335
new 2,24945,25457
new 2,68311,68823
new 2,24433,24945
new 2,67799,68311
new 2,23921,24433
new 2,67287,67799
new 2,23409,23921
new 2,66775,67287
new 2,22897,23409
new 2,66263,66775
new 2,22385,22897
new 4,65316,65537,65972,66263
new 2,21873,22385
new 2,64804,65316
new 2,21361,21873
new 2,64292,64804
new 2,20849,21361
new 2,63780,64292
new 2,20337,20849
new 2,63268,63780
new 2,19825,20337
new 2,62756,63268
new 2,19313,19825
new 2,62244,62756
new 2,18801,19313
new 2,61732,62244
new 2,18289,18801
new 2,61220,61732
new 2,17777,18289
new 2,60708,61220
new 2,17265,17777
new 2,60196,60708
new 2,16753,17265
new 2,59684,60196
new 2,16241,16753
new 2,59172,59684
new 2,15729,16241
new 2,58660,59172
new 2,15217,15729
new 2,58148,58660
new 2,14705,15217
new 2,57636,58148
new 2,14193,14705
new 2,57124,57636
new 2,13681,14193
new 2,56612,57124
new 2,13169,13681
new 2,56100,56612
new 2,12657,13169
new 2,55588,56100
new 2,12145,12657
new 2,55076,55588
new 2,11633,12145
new 2,54564,55076
new 2,11121,11633
new 2,54052,54564
new 2,10609,11121
new 2,53540,54052
new 2,10097,10609
new 2,53028,53540
new 2,9585,10097
new 2,52516,53028
new 2,9073,9585
new 2,52004,52516
new 2,8561,9073
new 2,51492,52004
new 2,8049,8561
new 2,50980,51492
new 2,7537,8049
new 2,50468,50980
new 2,7025,7537
new 2,49956,50468
new 2,6513,7025
new 2,49444,49956
new 2,6001,6513
zero 6,70,438,32771,33206,65537,65758
zero 6,65758,65972,75623,76135,97792,98090
zero 6,98090,98304,98306,98818,163328,163626
zero 4,163626,163840,163843,164355
